image_name,Type_1,Type_2,Type_3
0.jpg,0.150857651,0.499747337,0.349395012
1.jpg,0.152588076,0.501943916,0.345468008
10.jpg,0.136313935,0.497532871,0.366153194
100.jpg,0.150009336,0.505320841,0.344669823
101.jpg,0.141744169,0.508202087,0.350053744
102.jpg,0.181448032,0.505770487,0.312781481
103.jpg,0.149397903,0.518318478,0.332283619
104.jpg,0.142541146,0.515454387,0.342004467
105.jpg,0.160346791,0.478469944,0.361183266
106.jpg,0.161310996,0.493333299,0.345355705
107.jpg,0.144255971,0.507167406,0.348576623
108.jpg,0.167751779,0.479589633,0.352658589
109.jpg,0.150889492,0.489293175,0.359817333
11.jpg,0.154409772,0.528108203,0.317482024
110.jpg,0.153475728,0.502247565,0.344276707
111.jpg,0.148358199,0.502119038,0.349522763
112.jpg,0.146571554,0.482454143,0.370974302
113.jpg,0.136901122,0.504403471,0.358695407
114.jpg,0.178021058,0.489942122,0.33203682
115.jpg,0.142597289,0.501865152,0.355537559
116.jpg,0.154357849,0.506075799,0.339566352
117.jpg,0.177437166,0.507260702,0.315302132
118.jpg,0.157755603,0.490963691,0.351280706
119.jpg,0.144107581,0.499770678,0.356121741
12.jpg,0.151690427,0.482528152,0.365781421
120.jpg,0.142503118,0.510539209,0.346957673
121.jpg,0.150334829,0.514944016,0.334721155
122.jpg,0.15439052,0.500994078,0.344615402
123.jpg,0.14169208,0.520004383,0.338303537
124.jpg,0.15507587,0.491719824,0.353204307
125.jpg,0.13938245,0.504183297,0.356434253
126.jpg,0.149864139,0.518542071,0.33159379
127.jpg,0.145633032,0.490234362,0.364132606
128.jpg,0.153555591,0.493900039,0.35254437
129.jpg,0.129746544,0.55594191,0.314311546
13.jpg,0.147527444,0.504727984,0.347744571
130.jpg,0.130702781,0.520514846,0.348782373
131.jpg,0.149274276,0.481736064,0.368989661
132.jpg,0.150089786,0.503669534,0.34624068
133.jpg,0.144188776,0.500376952,0.355434272
134.jpg,0.153683373,0.512428139,0.333888488
135.jpg,0.157742382,0.489180974,0.353076644
136.jpg,0.151911315,0.504756308,0.343332377
137.jpg,0.133829907,0.499280794,0.366889299
138.jpg,0.141726564,0.51191297,0.346360466
139.jpg,0.146577243,0.494412719,0.359010037
14.jpg,0.161536126,0.4961139,0.342349974
140.jpg,0.157629874,0.484240691,0.358129435
141.jpg,0.158815628,0.506283413,0.334900959
142.jpg,0.138484427,0.505630313,0.355885261
143.jpg,0.14094476,0.51512981,0.343925431
144.jpg,0.150888189,0.493845749,0.355266062
145.jpg,0.151636593,0.485554328,0.362809079
146.jpg,0.167035934,0.501310893,0.331653173
147.jpg,0.160586841,0.495508376,0.343904783
148.jpg,0.150942775,0.49924308,0.349814145
149.jpg,0.142443629,0.509320455,0.348235916
15.jpg,0.165958781,0.502839474,0.331201745
150.jpg,0.181339734,0.504989539,0.313670727
151.jpg,0.145746457,0.503760713,0.35049283
152.jpg,0.144385057,0.509042312,0.346572631
153.jpg,0.139266499,0.503016225,0.357717276
154.jpg,0.137679311,0.511400243,0.350920446
155.jpg,0.151766344,0.499194657,0.349038999
156.jpg,0.151753284,0.507922413,0.340324302
157.jpg,0.148463569,0.501562355,0.349974077
158.jpg,0.136929338,0.515909792,0.34716087
159.jpg,0.141709514,0.505737629,0.352552857
16.jpg,0.155220253,0.499490064,0.345289683
160.jpg,0.153406249,0.532159642,0.314434109
161.jpg,0.140933605,0.520666101,0.338400294
162.jpg,0.150009336,0.505320841,0.344669823
163.jpg,0.141085832,0.503923741,0.354990427
164.jpg,0.154288792,0.497166609,0.348544599
165.jpg,0.14611035,0.498369934,0.355519715
166.jpg,0.162410431,0.503569869,0.334019701
167.jpg,0.147940157,0.518263659,0.333796185
168.jpg,0.149198013,0.495848697,0.354953289
169.jpg,0.152532837,0.497741289,0.349725874
17.jpg,0.150895835,0.508753056,0.340351109
170.jpg,0.146875571,0.488738143,0.364386286
171.jpg,0.159691166,0.516314334,0.323994501
172.jpg,0.157946747,0.491943111,0.350110142
173.jpg,0.147563853,0.505369685,0.347066462
174.jpg,0.151717377,0.502548309,0.345734313
175.jpg,0.15413044,0.491402701,0.354466859
176.jpg,0.160439103,0.484517058,0.355043839
177.jpg,0.153545217,0.490268118,0.356186665
178.jpg,0.173282814,0.467500682,0.359216503
179.jpg,0.153784552,0.509250624,0.336964824
18.jpg,0.133036635,0.52326506,0.343698306
180.jpg,0.140882244,0.502145392,0.356972365
181.jpg,0.146616261,0.521298034,0.332085705
182.jpg,0.148183082,0.486202143,0.365614775
183.jpg,0.140910339,0.50834529,0.350744371
184.jpg,0.149992193,0.524350147,0.32565766
185.jpg,0.137437403,0.502861159,0.359701438
186.jpg,0.142470552,0.486866204,0.370663243
187.jpg,0.150076698,0.522291891,0.327631411
188.jpg,0.142622227,0.498123899,0.359253874
189.jpg,0.153511464,0.497524598,0.348963938
19.jpg,0.146686255,0.490156093,0.363157653
190.jpg,0.163260962,0.494485344,0.342253693
191.jpg,0.183332522,0.49238933,0.324278148
192.jpg,0.15697992,0.494954168,0.348065912
193.jpg,0.1400486,0.500410368,0.359541032
194.jpg,0.146421596,0.490175719,0.363402685
195.jpg,0.144068649,0.488607671,0.36732368
196.jpg,0.153533443,0.523078446,0.323388111
197.jpg,0.146732817,0.495651929,0.357615254
198.jpg,0.155281234,0.500863496,0.34385527
199.jpg,0.168798366,0.505816377,0.325385257
2.jpg,0.144181959,0.508395282,0.347422759
20.jpg,0.142518544,0.523402199,0.334079257
200.jpg,0.140952904,0.505162167,0.353884928
201.jpg,0.14924484,0.498324763,0.352430398
202.jpg,0.147499783,0.498588735,0.353911482
203.jpg,0.161337626,0.488280165,0.350382209
204.jpg,0.140831606,0.505287933,0.353880461
205.jpg,0.147527854,0.507921742,0.344550404
206.jpg,0.155275042,0.514346638,0.33037832
207.jpg,0.136867316,0.50779562,0.355337063
208.jpg,0.135587656,0.537545253,0.326867091
209.jpg,0.145028285,0.498387625,0.35658409
21.jpg,0.153431064,0.51122566,0.335343276
210.jpg,0.182162236,0.505012299,0.312825465
211.jpg,0.162494347,0.497262715,0.340242938
212.jpg,0.155072415,0.488108753,0.356818832
213.jpg,0.14006546,0.529615642,0.330318898
214.jpg,0.139395107,0.511001572,0.349603321
215.jpg,0.13772516,0.504181297,0.358093543
216.jpg,0.148290706,0.517432736,0.334276558
217.jpg,0.163590257,0.499067042,0.337342701
218.jpg,0.14588733,0.498259571,0.3558531
219.jpg,0.154362779,0.503889112,0.341748109
22.jpg,0.144131579,0.486674725,0.369193696
220.jpg,0.173236969,0.475409612,0.351353419
221.jpg,0.148145543,0.492254055,0.359600403
222.jpg,0.149274669,0.486624875,0.364100456
223.jpg,0.145712371,0.483353703,0.370933927
224.jpg,0.154321747,0.487000614,0.35867764
225.jpg,0.148428942,0.502758025,0.348813033
226.jpg,0.151711929,0.491681003,0.356607069
227.jpg,0.18421034,0.507808903,0.307980757
228.jpg,0.144051458,0.497307256,0.358641286
229.jpg,0.147528899,0.50834176,0.344129341
23.jpg,0.144223963,0.504697854,0.351078184
230.jpg,0.139274382,0.522826052,0.337899567
231.jpg,0.142696231,0.486100978,0.37120279
232.jpg,0.161136739,0.500264207,0.338599053
233.jpg,0.160654008,0.490901954,0.348444038
234.jpg,0.148885985,0.484946459,0.366167557
235.jpg,0.146011055,0.521845046,0.332143899
236.jpg,0.190275987,0.485230917,0.324493096
237.jpg,0.166992769,0.499554838,0.333452393
238.jpg,0.144816023,0.489910563,0.365273414
239.jpg,0.15263072,0.508437608,0.338931672
24.jpg,0.140918375,0.506480289,0.352601336
240.jpg,0.145834585,0.495785279,0.358380135
241.jpg,0.15089531,0.504022961,0.345081729
242.jpg,0.155264381,0.494788738,0.349946881
243.jpg,0.156070937,0.504891316,0.339037747
244.jpg,0.145856758,0.497634468,0.356508775
245.jpg,0.147564613,0.505369275,0.347066112
246.jpg,0.14926893,0.472166559,0.378564511
247.jpg,0.192528665,0.508784302,0.298687033
248.jpg,0.166977328,0.508683205,0.324339467
249.jpg,0.156144984,0.499345966,0.34450905
25.jpg,0.144063699,0.488760721,0.367175579
250.jpg,0.1708914,0.522285177,0.306823423
251.jpg,0.153445344,0.501891427,0.34466323
252.jpg,0.153404954,0.493712797,0.352882249
253.jpg,0.152651697,0.501938333,0.34540997
254.jpg,0.14007367,0.512215336,0.347710993
255.jpg,0.149232534,0.488479896,0.36228757
256.jpg,0.136101038,0.512866314,0.351032647
257.jpg,0.152595487,0.502696163,0.34470835
258.jpg,0.164228514,0.502020458,0.333751029
259.jpg,0.150857467,0.522434245,0.326708288
26.jpg,0.148367251,0.516790104,0.334842645
260.jpg,0.177492707,0.506412618,0.316094675
261.jpg,0.15436656,0.505670748,0.339962692
262.jpg,0.158812989,0.504504513,0.336682498
263.jpg,0.147493175,0.502259375,0.350247451
264.jpg,0.145048291,0.510719238,0.344232471
265.jpg,0.149186654,0.501334968,0.349478378
266.jpg,0.140906336,0.526164559,0.332929105
267.jpg,0.139097947,0.500678776,0.360223276
268.jpg,0.14346571,0.496128767,0.360405522
269.jpg,0.150051839,0.508439802,0.341508358
27.jpg,0.144995589,0.486582764,0.368421647
270.jpg,0.14837665,0.528609291,0.323014059
271.jpg,0.137672268,0.523752314,0.338575418
272.jpg,0.157601601,0.488584232,0.353814166
273.jpg,0.145526843,0.484744041,0.369729116
274.jpg,0.187318946,0.482032272,0.330648783
275.jpg,0.193414354,0.47139766,0.335187986
276.jpg,0.142549338,0.505595309,0.351855353
277.jpg,0.133698392,0.511440552,0.354861055
278.jpg,0.147458053,0.503450948,0.349090999
279.jpg,0.137686577,0.511986259,0.350327164
28.jpg,0.136874088,0.512139128,0.350986784
280.jpg,0.160540646,0.497601037,0.341858317
281.jpg,0.155291551,0.48936753,0.355340919
282.jpg,0.162435758,0.493519569,0.344044674
283.jpg,0.14681251,0.498557461,0.354630029
284.jpg,0.142463696,0.494244983,0.363291321
285.jpg,0.14579373,0.483961216,0.370245054
286.jpg,0.145008878,0.502095866,0.352895256
287.jpg,0.147635262,0.491821236,0.360543502
288.jpg,0.133029146,0.513250892,0.353719962
289.jpg,0.150826774,0.493641117,0.35553211
29.jpg,0.14920434,0.494067721,0.356727939
290.jpg,0.146689522,0.509164741,0.344145737
291.jpg,0.14822071,0.496548833,0.355230457
292.jpg,0.152615115,0.528141475,0.31924341
293.jpg,0.149187253,0.498402051,0.352410696
294.jpg,0.164220153,0.520831739,0.314948108
295.jpg,0.138471787,0.536626809,0.324901404
296.jpg,0.182303746,0.49423852,0.323457734
297.jpg,0.140888235,0.523722851,0.335388914
298.jpg,0.138630848,0.536436001,0.324933151
299.jpg,0.189957631,0.507400561,0.302641808
3.jpg,0.145538155,0.489124285,0.36533756
30.jpg,0.156070937,0.504891316,0.339037747
300.jpg,0.155351911,0.496923126,0.347724963
301.jpg,0.155264394,0.4947894,0.349946206
302.jpg,0.153470851,0.493237781,0.353291368
303.jpg,0.170534518,0.510624105,0.318841378
304.jpg,0.150025636,0.493243194,0.35673117
305.jpg,0.136141906,0.507149474,0.35670862
306.jpg,0.140076746,0.500405609,0.359517645
307.jpg,0.143563006,0.492575982,0.363861012
308.jpg,0.141832847,0.523144145,0.335023009
309.jpg,0.140085861,0.506623912,0.353290227
31.jpg,0.147382813,0.555119883,0.297497303
310.jpg,0.144142764,0.479560418,0.376296819
311.jpg,0.147549357,0.516929123,0.33552152
312.jpg,0.138513865,0.516166315,0.34531982
313.jpg,0.149996041,0.487087865,0.362916093
314.jpg,0.15096574,0.483956107,0.365078153
315.jpg,0.157049085,0.515057712,0.327893203
316.jpg,0.151553039,0.488568542,0.359878418
317.jpg,0.145771481,0.494778271,0.359450248
318.jpg,0.183286191,0.487555323,0.329158486
319.jpg,0.142559931,0.489987453,0.367452616
32.jpg,0.198555578,0.515811523,0.285632899
320.jpg,0.152632042,0.504183431,0.343184527
321.jpg,0.155124274,0.492759249,0.352116477
322.jpg,0.158387447,0.502763103,0.33884945
323.jpg,0.14500356,0.500284853,0.354711588
324.jpg,0.153441771,0.499781268,0.346776961
325.jpg,0.155258267,0.496588882,0.348152851
326.jpg,0.151813334,0.507023474,0.341163192
327.jpg,0.145814513,0.508676583,0.345508904
328.jpg,0.136737525,0.504121815,0.359140661
329.jpg,0.147591635,0.501698341,0.350710025
33.jpg,0.15080371,0.495465714,0.353730576
330.jpg,0.145045667,0.494667836,0.360286497
331.jpg,0.144949623,0.536623191,0.318427186
332.jpg,0.152922731,0.514605482,0.332471787
333.jpg,0.149901613,0.536678379,0.313420008
334.jpg,0.154332073,0.483350159,0.362317768
335.jpg,0.142308446,0.531263356,0.326428198
336.jpg,0.13412774,0.541277441,0.324594819
337.jpg,0.150901401,0.496766979,0.352331621
338.jpg,0.153545219,0.490267807,0.356186974
339.jpg,0.146644653,0.493181404,0.360173944
34.jpg,0.145865958,0.501970372,0.35216367
340.jpg,0.160594711,0.511970726,0.327434563
341.jpg,0.13767118,0.54199564,0.32033318
342.jpg,0.15688231,0.519700313,0.323417377
343.jpg,0.140914191,0.525542122,0.333543686
344.jpg,0.140138927,0.517045832,0.342815241
345.jpg,0.145087439,0.492797298,0.362115263
346.jpg,0.154488347,0.510665943,0.33484571
347.jpg,0.176036897,0.480750475,0.343212627
348.jpg,0.163125147,0.490562351,0.346312503
349.jpg,0.142593565,0.498128198,0.359278237
35.jpg,0.14416693,0.516916857,0.338916213
350.jpg,0.157041418,0.500988923,0.341969659
351.jpg,0.153818756,0.499159929,0.347021315
352.jpg,0.148307509,0.507590952,0.344101539
353.jpg,0.150928239,0.502875413,0.346196348
354.jpg,0.145947997,0.482638228,0.371413775
355.jpg,0.150915936,0.511880722,0.337203342
356.jpg,0.157301746,0.495533585,0.347164669
357.jpg,0.147505121,0.496747419,0.35574746
358.jpg,0.156040587,0.508523154,0.335436258
359.jpg,0.157939651,0.484820624,0.357239725
36.jpg,0.152665962,0.498323318,0.34901072
360.jpg,0.153530858,0.502919899,0.343549244
361.jpg,0.161496864,0.505152654,0.333350482
362.jpg,0.15065694,0.514142052,0.335201008
363.jpg,0.149920504,0.491844736,0.35823476
364.jpg,0.148358199,0.502119038,0.349522763
365.jpg,0.154406146,0.491295066,0.354298787
366.jpg,0.162361978,0.496087815,0.341550207
367.jpg,0.136912684,0.528849814,0.334237502
368.jpg,0.140132065,0.507216509,0.352651425
369.jpg,0.144041609,0.491722506,0.364235884
37.jpg,0.140067715,0.528158889,0.331773396
370.jpg,0.165902901,0.513876763,0.320220336
371.jpg,0.141724544,0.520591357,0.337684099
372.jpg,0.16884393,0.500831067,0.330325003
373.jpg,0.152582966,0.498797966,0.348619068
374.jpg,0.141724564,0.516811655,0.34146378
375.jpg,0.143376779,0.517768528,0.338854693
376.jpg,0.15092061,0.491283024,0.357796367
377.jpg,0.143340305,0.508542511,0.348117185
378.jpg,0.145036399,0.506410854,0.348552747
379.jpg,0.142593565,0.498128198,0.359278237
38.jpg,0.136219095,0.510229914,0.353550991
380.jpg,0.145904755,0.513055066,0.341040179
381.jpg,0.138541387,0.512426634,0.349031979
382.jpg,0.140871511,0.507646211,0.351482278
383.jpg,0.155161768,0.488024566,0.356813665
384.jpg,0.159478323,0.485428271,0.355093407
385.jpg,0.152665962,0.498323318,0.34901072
386.jpg,0.151703628,0.478841364,0.369455008
387.jpg,0.151775678,0.500013435,0.348210887
388.jpg,0.151616186,0.489213964,0.35916985
389.jpg,0.168493265,0.490841407,0.340665327
39.jpg,0.15174214,0.492337001,0.35592086
390.jpg,0.16397356,0.479390599,0.356635841
391.jpg,0.153544175,0.492079169,0.354376656
392.jpg,0.144192208,0.519454822,0.33635297
393.jpg,0.158792918,0.496713033,0.34449405
394.jpg,0.140089781,0.516524394,0.343385825
395.jpg,0.144987515,0.490326388,0.364686097
396.jpg,0.14420452,0.502850619,0.352944861
397.jpg,0.155025277,0.488535106,0.356439617
398.jpg,0.146573185,0.492132856,0.361293959
399.jpg,0.152551848,0.487934414,0.359513739
4.jpg,0.151803644,0.492990666,0.355205689
40.jpg,0.150934856,0.50106131,0.348003834
400.jpg,0.155332001,0.48391247,0.360755529
401.jpg,0.144279096,0.524647312,0.331073592
402.jpg,0.148739788,0.516905019,0.334355193
403.jpg,0.139282219,0.520376488,0.340341292
404.jpg,0.138468322,0.504929634,0.356602044
405.jpg,0.148329866,0.492298219,0.359371915
406.jpg,0.14090241,0.518216085,0.340881505
407.jpg,0.134583157,0.512405706,0.353011138
408.jpg,0.156164696,0.502523303,0.341312001
409.jpg,0.147529323,0.491200623,0.361270054
41.jpg,0.143370779,0.499265297,0.357363924
410.jpg,0.168878359,0.499417779,0.331703862
411.jpg,0.159705644,0.501157495,0.339136861
412.jpg,0.145008469,0.518029079,0.336962452
413.jpg,0.147450438,0.499792847,0.352756715
414.jpg,0.135388978,0.51226308,0.352347942
415.jpg,0.151691417,0.498536953,0.34977163
416.jpg,0.131366847,0.537865443,0.330767711
417.jpg,0.150069035,0.521617616,0.328313349
418.jpg,0.151610574,0.487388152,0.361001275
419.jpg,0.153554862,0.504285852,0.342159287
42.jpg,0.134376845,0.509505336,0.356117819
420.jpg,0.150178914,0.509960942,0.339860144
421.jpg,0.15434988,0.496039994,0.349610125
422.jpg,0.151539824,0.515625303,0.332834873
423.jpg,0.159569876,0.485341547,0.355088576
424.jpg,0.148368775,0.510048994,0.341582231
425.jpg,0.152621999,0.497656856,0.349721145
426.jpg,0.144993407,0.509459039,0.345547554
427.jpg,0.154077851,0.512451598,0.333470551
428.jpg,0.147037632,0.521569463,0.331392905
429.jpg,0.157782589,0.495216255,0.347001156
43.jpg,0.160819157,0.498667732,0.340513111
430.jpg,0.156068861,0.49958079,0.344350349
431.jpg,0.135969532,0.537760245,0.326270223
432.jpg,0.152685386,0.49469263,0.352621984
433.jpg,0.151736158,0.497793154,0.350470688
434.jpg,0.143338123,0.510385327,0.34627655
435.jpg,0.157073555,0.535360306,0.307566139
436.jpg,0.151471961,0.485868502,0.362659537
437.jpg,0.159751149,0.514823554,0.325425297
438.jpg,0.150025703,0.493242985,0.356731312
439.jpg,0.169670643,0.472671539,0.357657818
44.jpg,0.142502674,0.508305734,0.349191592
440.jpg,0.148359735,0.502118793,0.349521473
441.jpg,0.144969617,0.4959181,0.359112283
442.jpg,0.190323905,0.491398716,0.318277379
443.jpg,0.138439548,0.500006081,0.36155437
444.jpg,0.150060715,0.513825645,0.33611364
445.jpg,0.145134677,0.510144735,0.344720588
446.jpg,0.157040149,0.490270477,0.352689373
447.jpg,0.156163415,0.51347799,0.330358595
448.jpg,0.158811225,0.49115186,0.350036915
449.jpg,0.15011119,0.490208201,0.359680609
45.jpg,0.154323798,0.497841289,0.347834913
450.jpg,0.145864472,0.498913792,0.355221736
451.jpg,0.17515201,0.467442761,0.357405229
452.jpg,0.146628559,0.530295921,0.32307552
453.jpg,0.130653305,0.530541447,0.338805248
454.jpg,0.150074756,0.507295725,0.342629519
455.jpg,0.12989624,0.520352199,0.349751561
456.jpg,0.141757121,0.512523649,0.34571923
457.jpg,0.157925108,0.510697465,0.331377428
458.jpg,0.148268089,0.48612319,0.365608721
459.jpg,0.140109518,0.500995144,0.358895337
46.jpg,0.145025664,0.514383292,0.340591044
460.jpg,0.150071928,0.509571769,0.340356303
461.jpg,0.14917692,0.488555116,0.362267964
462.jpg,0.137744324,0.521826225,0.34042945
463.jpg,0.13691217,0.52629167,0.33679616
464.jpg,0.159500717,0.503865649,0.336633634
465.jpg,0.135110915,0.508821398,0.356067687
466.jpg,0.140629066,0.497349609,0.362021325
467.jpg,0.151747725,0.507783953,0.340468323
468.jpg,0.138457753,0.527881317,0.333660931
469.jpg,0.13766312,0.529279148,0.333057732
47.jpg,0.138630847,0.536436,0.324933153
470.jpg,0.140927702,0.504611144,0.354461154
471.jpg,0.140234714,0.503422967,0.356342319
472.jpg,0.168332669,0.488063481,0.34360385
473.jpg,0.155999922,0.490141937,0.353858141
474.jpg,0.139299485,0.525879499,0.334821016
475.jpg,0.148377722,0.496399601,0.355222677
476.jpg,0.148592973,0.496037547,0.355369479
477.jpg,0.153478807,0.489606188,0.356915005
478.jpg,0.137695645,0.537923697,0.324380658
479.jpg,0.147540132,0.489344397,0.36311547
48.jpg,0.152576127,0.491552745,0.355871128
480.jpg,0.15120929,0.515503108,0.333287601
481.jpg,0.156152364,0.524095504,0.319752132
482.jpg,0.141804578,0.502348465,0.355846957
483.jpg,0.164237717,0.502474419,0.333287864
484.jpg,0.144187872,0.514530267,0.341281861
485.jpg,0.15255924,0.494518564,0.352922196
486.jpg,0.153554422,0.532439961,0.314005617
487.jpg,0.147541202,0.494897884,0.357560914
488.jpg,0.150031985,0.512320589,0.337647426
489.jpg,0.145028317,0.50806554,0.346906143
49.jpg,0.145058287,0.502716529,0.352225183
490.jpg,0.139254853,0.508642084,0.352103063
491.jpg,0.154320822,0.50465732,0.341021857
492.jpg,0.157651972,0.486026614,0.356321414
493.jpg,0.149082042,0.492739927,0.358178031
494.jpg,0.140988059,0.51326885,0.345743091
495.jpg,0.158153845,0.503309261,0.338536894
496.jpg,0.155588416,0.50645145,0.337960134
497.jpg,0.155961917,0.498281602,0.345756481
498.jpg,0.152703209,0.508686007,0.338610784
499.jpg,0.14665671,0.490160034,0.363183256
5.jpg,0.140889335,0.531962228,0.327148437
50.jpg,0.146827054,0.501960531,0.351212415
500.jpg,0.138492577,0.503737773,0.357769649
501.jpg,0.150811752,0.497281566,0.351906682
502.jpg,0.157026474,0.493855398,0.349118128
503.jpg,0.159069616,0.505737591,0.335192793
504.jpg,0.14161773,0.537494019,0.320888251
505.jpg,0.141657762,0.535058588,0.323283651
506.jpg,0.152659167,0.521508344,0.325832489
507.jpg,0.170551956,0.470905118,0.358542926
508.jpg,0.15962755,0.492448662,0.347923788
509.jpg,0.145016065,0.500244704,0.354739232
51.jpg,0.151895506,0.530383178,0.317721317
510.jpg,0.151825191,0.499115663,0.349059146
511.jpg,0.138440137,0.494963594,0.366596268
52.jpg,0.159690633,0.507632562,0.332676805
53.jpg,0.159620483,0.509919772,0.330459744
54.jpg,0.144254652,0.515789796,0.339955552
55.jpg,0.155311784,0.491123989,0.353564227
56.jpg,0.152498378,0.486160166,0.361341457
57.jpg,0.140950239,0.500860891,0.358188869
58.jpg,0.153501193,0.502924578,0.343574229
59.jpg,0.13064015,0.532423215,0.336936636
6.jpg,0.149211396,0.526001103,0.324787501
60.jpg,0.132231703,0.524005674,0.343762623
61.jpg,0.139302324,0.515422212,0.345275463
62.jpg,0.18552125,0.503262279,0.311216471
63.jpg,0.146659118,0.489466139,0.363874743
64.jpg,0.159668037,0.525623198,0.314708766
65.jpg,0.14719499,0.483848851,0.368956159
66.jpg,0.145841486,0.505670587,0.348487926
67.jpg,0.147514443,0.51019598,0.342289577
68.jpg,0.145827719,0.497638973,0.356533308
69.jpg,0.141852411,0.513745823,0.344401766
7.jpg,0.142559793,0.52218396,0.335256247
70.jpg,0.160439103,0.484517058,0.355043839
71.jpg,0.149222592,0.514180854,0.336596555
72.jpg,0.157023149,0.514032138,0.328944712
73.jpg,0.153439538,0.49391605,0.352644412
74.jpg,0.160680037,0.483040476,0.356279487
75.jpg,0.148291505,0.515068982,0.336639512
76.jpg,0.144857792,0.487905454,0.367236754
77.jpg,0.140893921,0.513914498,0.345191581
78.jpg,0.141789789,0.51313595,0.345074262
79.jpg,0.156203855,0.518697546,0.325098599
8.jpg,0.149192852,0.497681452,0.353125696
80.jpg,0.157053344,0.48845989,0.354486766
81.jpg,0.159051549,0.512050868,0.328897583
82.jpg,0.148384334,0.493641067,0.357974598
83.jpg,0.143392186,0.495526706,0.361081108
84.jpg,0.171703574,0.504807539,0.323488886
85.jpg,0.150089511,0.480323636,0.369586853
86.jpg,0.154278984,0.495372227,0.350348789
87.jpg,0.148262945,0.489824231,0.361912824
88.jpg,0.15248379,0.510454826,0.337061384
89.jpg,0.143354655,0.502988438,0.353656907
9.jpg,0.156109801,0.479574522,0.364315677
90.jpg,0.14167617,0.516296913,0.342026917
91.jpg,0.149192815,0.497696434,0.353110751
92.jpg,0.145813621,0.505014104,0.349172276
93.jpg,0.145016403,0.516208468,0.338775129
94.jpg,0.151768641,0.494155059,0.3540763
95.jpg,0.153398784,0.497317128,0.349284087
96.jpg,0.148996951,0.538234561,0.312768488
97.jpg,0.137537701,0.498975382,0.363486917
98.jpg,0.145875992,0.500111518,0.35401249
99.jpg,0.149030983,0.519954763,0.331014254